(kicad_pcb (version 20171130) (host pcbnew "(v20200917-1794-ga4a8cf064b)")

  (general
    (thickness 1.6)
    (drawings 33)
    (tracks 452)
    (zones 0)
    (modules 36)
    (nets 30)
  )

  (page A4)
  (layers
    (0 F.Cu signal)
    (31 B.Cu signal)
    (32 B.Adhes user)
    (33 F.Adhes user)
    (34 B.Paste user)
    (35 F.Paste user)
    (36 B.SilkS user)
    (37 F.SilkS user)
    (38 B.Mask user)
    (39 F.Mask user)
    (40 Dwgs.User user)
    (41 Cmts.User user)
    (42 Eco1.User user)
    (43 Eco2.User user)
    (44 Edge.Cuts user)
    (45 Margin user)
    (46 B.CrtYd user)
    (47 F.CrtYd user)
    (48 B.Fab user)
    (49 F.Fab user)
  )

  (setup
    (last_trace_width 0.25)
    (trace_clearance 0.2)
    (zone_clearance 0.1)
    (zone_45_only no)
    (trace_min 0.2)
    (via_size 0.8)
    (via_drill 0.4)
    (via_min_size 0.4)
    (via_min_drill 0.3)
    (user_via 0.5 0.3)
    (uvia_size 0.3)
    (uvia_drill 0.1)
    (uvias_allowed no)
    (uvia_min_size 0.2)
    (uvia_min_drill 0.1)
    (edge_width 0.05)
    (segment_width 0.2)
    (pcb_text_width 0.3)
    (pcb_text_size 1.5 1.5)
    (mod_edge_width 0.12)
    (mod_text_size 1 1)
    (mod_text_width 0.15)
    (pad_size 1 0.35)
    (pad_drill 0)
    (pad_to_mask_clearance 0)
    (aux_axis_origin 0 0)
    (grid_origin 12.065 12.065)
    (visible_elements FFFFFF7F)
    (pcbplotparams
      (layerselection 0x010fc_ffffffff)
      (usegerberextensions false)
      (usegerberattributes true)
      (usegerberadvancedattributes true)
      (creategerberjobfile true)
      (excludeedgelayer true)
      (linewidth 0.100000)
      (plotframeref false)
      (viasonmask false)
      (mode 1)
      (useauxorigin false)
      (hpglpennumber 1)
      (hpglpenspeed 20)
      (hpglpendiameter 15.000000)
      (psnegative false)
      (psa4output false)
      (plotreference true)
      (plotvalue true)
      (plotinvisibletext false)
      (padsonsilk false)
      (subtractmaskfromsilk false)
      (outputformat 1)
      (mirror false)
      (drillshape 1)
      (scaleselection 1)
      (outputdirectory ""))
  )

  (net 0 "")
  (net 1 GND)
  (net 2 VDD)
  (net 3 /MOSI)
  (net 4 /MISO)
  (net 5 /SCLK)
  (net 6 /SEL)
  (net 7 /RST)
  (net 8 /IRQ)
  (net 9 /DVDD)
  (net 10 GNDA)
  (net 11 /Balun_GND)
  (net 12 GND2)
  (net 13 /ANT24'')
  (net 14 /RFN24')
  (net 15 /RFP24')
  (net 16 /ANT09'')
  (net 17 /RFP09)
  (net 18 /RFN09)
  (net 19 /RFP24)
  (net 20 /RFN24)
  (net 21 /ANT24')
  (net 22 /ANT24)
  (net 23 /AVDD1)
  (net 24 /AVDD0)
  (net 25 /ANT09)
  (net 26 /ANT09')
  (net 27 /TCXO)
  (net 28 "Net-(R3-Pad2)")
  (net 29 /TCXO')

  (net_class Default "This is the default net class."
    (clearance 0.2)
    (trace_width 0.25)
    (via_dia 0.8)
    (via_drill 0.4)
    (uvia_dia 0.3)
    (uvia_drill 0.1)
    (add_net /IRQ)
    (add_net /MISO)
    (add_net /MOSI)
    (add_net /RFN09)
    (add_net /RFN24)
    (add_net /RFP09)
    (add_net /RFP24)
    (add_net /RST)
    (add_net /SCLK)
    (add_net /SEL)
    (add_net /TCXO)
    (add_net "Net-(R3-Pad2)")
  )

  (net_class "50 Ohm" ""
    (clearance 0.1)
    (trace_width 0.43)
    (via_dia 0.5)
    (via_drill 0.3)
    (uvia_dia 0.3)
    (uvia_drill 0.1)
    (add_net /ANT09)
    (add_net /ANT09')
    (add_net /ANT09'')
    (add_net /ANT24)
    (add_net /ANT24')
    (add_net /ANT24'')
    (add_net /Balun_GND)
    (add_net /RFN24')
    (add_net /RFP24')
  )

  (net_class "50 Ohm GND" ""
    (clearance 0.1)
    (trace_width 0.2)
    (via_dia 0.5)
    (via_drill 0.3)
    (uvia_dia 0.3)
    (uvia_drill 0.1)
    (add_net GNDA)
  )

  (net_class Analog ""
    (clearance 0.3)
    (trace_width 0.28)
    (via_dia 0.8)
    (via_drill 0.4)
    (uvia_dia 0.3)
    (uvia_drill 0.1)
    (add_net /TCXO')
  )

  (net_class POWER ""
    (clearance 0.2)
    (trace_width 0.25)
    (via_dia 0.8)
    (via_drill 0.4)
    (uvia_dia 0.3)
    (uvia_drill 0.1)
    (add_net /AVDD0)
    (add_net /AVDD1)
    (add_net /DVDD)
    (add_net GND)
    (add_net GND2)
    (add_net VDD)
  )

  (module local:R0 (layer B.Cu) (tedit 5FACF4F9) (tstamp 5F8FEB2E)
    (at 15.494 21.082 270)
    (path /5F9E9060)
    (attr virtual)
    (fp_text reference R4 (at 0 -2.54 90) (layer B.SilkS) hide
      (effects (font (size 1 1) (thickness 0.15)) (justify mirror))
    )
    (fp_text value "0 Ω" (at 0 2.54 90) (layer B.Fab) hide
      (effects (font (size 1 1) (thickness 0.15)) (justify mirror))
    )
    (fp_line (start -0.762 0) (end 0.762 0) (layer B.Cu) (width 0.5))
    (pad 2 smd rect (at 1.27 0 270) (size 1 1) (layers B.Cu)
      (net 1 GND) (zone_connect 2))
    (pad 1 smd rect (at -1.27 0 270) (size 1 1) (layers B.Cu)
      (net 12 GND2) (zone_connect 2))
  )

  (module local:R0 (layer B.Cu) (tedit 5FACF4F9) (tstamp 5FA171AF)
    (at 26.1874 30.0228 180)
    (path /5FA19FCC)
    (attr virtual)
    (fp_text reference R5 (at 0 -2.54) (layer B.SilkS) hide
      (effects (font (size 1 1) (thickness 0.15)) (justify mirror))
    )
    (fp_text value "0 Ω" (at 0 2.54) (layer B.Fab) hide
      (effects (font (size 1 1) (thickness 0.15)) (justify mirror))
    )
    (fp_line (start -0.762 0) (end 0.762 0) (layer B.Cu) (width 0.5))
    (pad 2 smd rect (at 1.27 0 180) (size 1 1) (layers B.Cu)
      (net 1 GND) (zone_connect 2))
    (pad 1 smd rect (at -1.27 0 180) (size 1 1) (layers B.Cu)
      (net 10 GNDA) (zone_connect 2))
  )

  (module local:TXC_7Z26001013 (layer F.Cu) (tedit 5FA2A98D) (tstamp 5F8FEC15)
    (at 16.931 18.964 270)
    (path /5FA7C0AD)
    (attr smd)
    (fp_text reference XC1 (at 2.1434 -0.0235 180) (layer F.SilkS)
      (effects (font (size 1 1) (thickness 0.15)))
    )
    (fp_text value TXC_7Z26001013 (at 0 2 90) (layer F.Fab)
      (effects (font (size 0.5 0.5) (thickness 0.1)))
    )
    (fp_line (start 1.1 -0.1) (end 1.1 0.1) (layer F.SilkS) (width 0.12))
    (fp_line (start -0.65 0.9) (end 0.65 0.9) (layer F.SilkS) (width 0.12))
    (fp_line (start -1.1 -0.1) (end -1.1 0.1) (layer F.SilkS) (width 0.12))
    (fp_line (start -0.65 -0.9) (end 0.65 -0.9) (layer F.SilkS) (width 0.12))
    (fp_line (start -0.55 1.15) (end -1.35 1.15) (layer F.SilkS) (width 0.12))
    (fp_line (start -1.35 0.35) (end -1.35 1.15) (layer F.SilkS) (width 0.12))
    (fp_line (start -0.55 1.15) (end -1.35 1.15) (layer F.Fab) (width 0.12))
    (fp_line (start -1.35 0.35) (end -1.35 1.15) (layer F.Fab) (width 0.12))
    (fp_line (start -1.4 1.2) (end -1.4 -1.2) (layer F.CrtYd) (width 0.12))
    (fp_line (start 1.4 1.2) (end -1.4 1.2) (layer F.CrtYd) (width 0.12))
    (fp_line (start 1.4 -1.2) (end 1.4 1.2) (layer F.CrtYd) (width 0.12))
    (fp_line (start -1.4 -1.2) (end 1.4 -1.2) (layer F.CrtYd) (width 0.12))
    (fp_line (start -1 -0.8) (end 1 -0.8) (layer F.Fab) (width 0.12))
    (fp_line (start 1 -0.8) (end 1 0.8) (layer F.Fab) (width 0.12))
    (fp_line (start 1 0.8) (end -1 0.8) (layer F.Fab) (width 0.12))
    (fp_line (start -1 0.8) (end -1 -0.8) (layer F.Fab) (width 0.12))
    (pad 4 smd rect (at -0.975 -0.595 270) (size 0.44 0.79) (layers F.Cu F.Paste F.Mask)
      (net 2 VDD))
    (pad 3 smd rect (at 0.975 -0.595 270) (size 0.44 0.79) (layers F.Cu F.Paste F.Mask)
      (net 29 /TCXO'))
    (pad 1 smd rect (at -0.975 0.595 270) (size 0.44 0.79) (layers F.Cu F.Paste F.Mask)
      (net 12 GND2))
    (pad 2 smd rect (at 0.975 0.595 270) (size 0.44 0.79) (layers F.Cu F.Paste F.Mask)
      (net 12 GND2))
    (model ${KISYS3DMOD}/Crystal.3dshapes/Crystal_SMD_TXC_7M-4Pin_3.2x2.5mm.wrl
      (at (xyz 0 0 0))
      (scale (xyz 0.625 0.64 1))
      (rotate (xyz 0 0 0))
    )
  )

  (module local:ATB2012-75011-T000 (layer F.Cu) (tedit 5F9BE21A) (tstamp 5F8FE98F)
    (at 32.385 29.445 270)
    (path /5F8B9BAF)
    (attr smd)
    (fp_text reference B2 (at -1.4415 1.016 180) (layer F.SilkS)
      (effects (font (size 1 1) (thickness 0.15)))
    )
    (fp_text value ATB2012-75011-T000 (at -2.032 1.651 270) (layer F.Fab) hide
      (effects (font (size 0.5 0.5) (thickness 0.08)))
    )
    (fp_circle (center 0.9 -1.3) (end 1 -1.3) (layer F.SilkS) (width 0.2))
    (fp_line (start 0.6 -1) (end 0.6 1) (layer F.Fab) (width 0.1))
    (fp_line (start 0.6 1) (end -0.6 1) (layer F.Fab) (width 0.1))
    (fp_line (start -0.6 1) (end -0.6 -1) (layer F.Fab) (width 0.12))
    (fp_line (start -0.6 -1) (end 0.6 -1) (layer F.Fab) (width 0.1))
    (fp_line (start 1.25 -1.75) (end 1.25 1.75) (layer F.CrtYd) (width 0.12))
    (fp_line (start 1.25 1.75) (end -1.25 1.75) (layer F.CrtYd) (width 0.12))
    (fp_line (start -1.25 1.75) (end -1.25 -1.75) (layer F.CrtYd) (width 0.12))
    (fp_line (start -1.25 -1.75) (end 1.25 -1.75) (layer F.CrtYd) (width 0.12))
    (fp_text user %R (at 0 0 180) (layer F.Fab)
      (effects (font (size 0.4 0.4) (thickness 0.1)))
    )
    (pad 3 smd rect (at -0.4 0.975 180) (size 0.75 0.4) (layers F.Cu F.Paste F.Mask)
      (net 18 /RFN09))
    (pad 4 smd rect (at 0.4 0.975 180) (size 0.75 0.4) (layers F.Cu F.Paste F.Mask)
      (net 17 /RFP09))
    (pad 2 smd rect (at -0.4 -0.975 180) (size 0.75 0.4) (layers F.Cu F.Paste F.Mask)
      (net 11 /Balun_GND))
    (pad 1 smd rect (at 0.4 -0.975 180) (size 0.75 0.4) (layers F.Cu F.Paste F.Mask)
      (net 16 /ANT09''))
    (model ${KIPRJMOD}/3D/tdk-atb2021-75011-t000.wrl
      (at (xyz 0 0 0))
      (scale (xyz 0.3937 0.3937 0.3937))
      (rotate (xyz 0 0 90))
    )
  )

  (module local:Connector-SMA (layer F.Cu) (tedit 5F8DE498) (tstamp 5F8A0CBA)
    (at 40.005 20.955 270)
    (path /5F8C5CF3)
    (zone_connect 2)
    (fp_text reference RF9 (at 0 -3.302 90) (layer F.Fab)
      (effects (font (size 1 1) (thickness 0.15)))
    )
    (fp_text value Antenna (at 0 3.302 90) (layer F.Fab) hide
      (effects (font (size 1 1) (thickness 0.15)))
    )
    (fp_circle (center 0 0) (end 0.254 0.254) (layer F.Fab) (width 0.12))
    (fp_line (start -3.302 2.032) (end -3.302 -2.032) (layer F.Fab) (width 0.12))
    (fp_line (start -1.778 2.032) (end -3.302 2.032) (layer F.Fab) (width 0.12))
    (fp_line (start -1.778 -2.032) (end -1.778 2.032) (layer F.Fab) (width 0.12))
    (fp_line (start -3.302 -2.032) (end -1.778 -2.032) (layer F.Fab) (width 0.12))
    (fp_line (start 1.778 2.032) (end 1.778 -2.032) (layer F.Fab) (width 0.12))
    (fp_line (start 3.302 2.032) (end 1.778 2.032) (layer F.Fab) (width 0.12))
    (fp_line (start 3.302 -2.032) (end 3.302 2.032) (layer F.Fab) (width 0.12))
    (fp_line (start 1.778 -2.032) (end 3.302 -2.032) (layer F.Fab) (width 0.12))
    (fp_line (start -0.762 2.032) (end -0.762 -2.032) (layer F.Fab) (width 0.12))
    (fp_line (start 0.762 2.032) (end -0.762 2.032) (layer F.Fab) (width 0.12))
    (fp_line (start 0.762 -2.032) (end 0.762 2.032) (layer F.Fab) (width 0.12))
    (fp_line (start -0.762 -2.032) (end 0.762 -2.032) (layer F.Fab) (width 0.12))
    (fp_line (start 1.778 2.032) (end 1.778 -2.032) (layer B.Fab) (width 0.12))
    (fp_line (start 3.302 2.032) (end 1.778 2.032) (layer B.Fab) (width 0.12))
    (fp_line (start 3.302 -2.032) (end 3.302 2.032) (layer B.Fab) (width 0.12))
    (fp_line (start 1.778 -2.032) (end 3.302 -2.032) (layer B.Fab) (width 0.12))
    (fp_line (start -3.302 2.032) (end -3.302 -2.032) (layer B.Fab) (width 0.12))
    (fp_line (start -1.778 2.032) (end -3.302 2.032) (layer B.Fab) (width 0.12))
    (fp_line (start -1.778 -2.032) (end -1.778 2.032) (layer B.Fab) (width 0.12))
    (fp_line (start -3.302 -2.032) (end -1.778 -2.032) (layer B.Fab) (width 0.12))
    (fp_line (start -3.81 -2.032) (end -3.81 2.54) (layer F.SilkS) (width 0.12))
    (fp_line (start -3.81 2.54) (end 3.81 2.54) (layer F.SilkS) (width 0.12))
    (fp_line (start 3.81 2.54) (end 3.81 -2.032) (layer F.SilkS) (width 0.12))
    (fp_text user %R (at -4.6355 0.2413 180) (layer F.SilkS)
      (effects (font (size 0.8 0.8) (thickness 0.1)) (justify left))
    )
    (pad 2 smd rect (at 2.54 0 270) (size 1.524 4.064) (layers B.Cu B.Paste B.Mask)
      (net 10 GNDA) (zone_connect 2))
    (pad 2 smd rect (at -2.54 0 270) (size 1.524 4.064) (layers B.Cu B.Paste B.Mask)
      (net 10 GNDA) (zone_connect 2))
    (pad 2 smd rect (at 2.54 0 270) (size 1.524 4.064) (layers F.Cu F.Paste F.Mask)
      (net 10 GNDA) (zone_connect 2))
    (pad 2 smd rect (at -2.54 0 270) (size 1.524 4.064) (layers F.Cu F.Paste F.Mask)
      (net 10 GNDA) (zone_connect 2))
    (pad 1 smd rect (at 0 0 270) (size 1.524 4.064) (layers F.Cu F.Paste F.Mask)
      (net 25 /ANT09) (zone_connect 2))
    (model ${KIPRJMOD}/3D/sma_connector.wrl
      (at (xyz 0 0 0))
      (scale (xyz 0.3937 0.3937 0.3937))
      (rotate (xyz 0 0 -90))
    )
  )

  (module Connector_PinSocket_2.54mm:PinSocket_2x06_P2.54mm_Vertical (layer B.Cu) (tedit 5A19A42B) (tstamp 5F8FEC68)
    (at 17.78 36.83)
    (descr "Through hole straight socket strip, 2x06, 2.54mm pitch, double cols (from Kicad 4.0.7), script generated")
    (tags "Through hole socket strip THT 2x06 2.54mm double row")
    (path /5F8AEECA)
    (fp_text reference J1 (at 2.54 -6.35 90) (layer B.SilkS)
      (effects (font (size 1 1) (thickness 0.15)) (justify mirror))
    )
    (fp_text value "RPi Header" (at -5.715 -6.35 90) (layer B.Fab)
      (effects (font (size 1 1) (thickness 0.15)) (justify mirror))
    )
    (fp_line (start -4.34 -14.45) (end -4.34 1.8) (layer B.CrtYd) (width 0.05))
    (fp_line (start 1.76 -14.45) (end -4.34 -14.45) (layer B.CrtYd) (width 0.05))
    (fp_line (start 1.76 1.8) (end 1.76 -14.45) (layer B.CrtYd) (width 0.05))
    (fp_line (start -4.34 1.8) (end 1.76 1.8) (layer B.CrtYd) (width 0.05))
    (fp_line (start 0 1.33) (end 1.33 1.33) (layer B.SilkS) (width 0.12))
    (fp_line (start 1.33 1.33) (end 1.33 0) (layer B.SilkS) (width 0.12))
    (fp_line (start -1.27 1.33) (end -1.27 -1.27) (layer B.SilkS) (width 0.12))
    (fp_line (start -1.27 -1.27) (end 1.33 -1.27) (layer B.SilkS) (width 0.12))
    (fp_line (start 1.33 -1.27) (end 1.33 -14.03) (layer B.SilkS) (width 0.12))
    (fp_line (start -3.87 -14.03) (end 1.33 -14.03) (layer B.SilkS) (width 0.12))
    (fp_line (start -3.87 1.33) (end -3.87 -14.03) (layer B.SilkS) (width 0.12))
    (fp_line (start -3.87 1.33) (end -1.27 1.33) (layer B.SilkS) (width 0.12))
    (fp_line (start -3.81 -13.97) (end -3.81 1.27) (layer B.Fab) (width 0.1))
    (fp_line (start 1.27 -13.97) (end -3.81 -13.97) (layer B.Fab) (width 0.1))
    (fp_line (start 1.27 0.27) (end 1.27 -13.97) (layer B.Fab) (width 0.1))
    (fp_line (start 0.27 1.27) (end 1.27 0.27) (layer B.Fab) (width 0.1))
    (fp_line (start -3.81 1.27) (end 0.27 1.27) (layer B.Fab) (width 0.1))
    (fp_text user %R (at -1.27 -6.35 -90) (layer B.Fab)
      (effects (font (size 1 1) (thickness 0.15)) (justify mirror))
    )
    (pad 1 thru_hole rect (at 0 0) (size 1.7 1.7) (drill 1) (layers *.Cu *.Mask))
    (pad 2 thru_hole oval (at -2.54 0) (size 1.7 1.7) (drill 1) (layers *.Cu *.Mask)
      (net 8 /IRQ))
    (pad 3 thru_hole oval (at 0 -2.54) (size 1.7 1.7) (drill 1) (layers *.Cu *.Mask)
      (net 2 VDD))
    (pad 4 thru_hole oval (at -2.54 -2.54) (size 1.7 1.7) (drill 1) (layers *.Cu *.Mask)
      (net 7 /RST))
    (pad 5 thru_hole oval (at 0 -5.08) (size 1.7 1.7) (drill 1) (layers *.Cu *.Mask)
      (net 3 /MOSI))
    (pad 6 thru_hole oval (at -2.54 -5.08) (size 1.7 1.7) (drill 1) (layers *.Cu *.Mask)
      (net 1 GND))
    (pad 7 thru_hole oval (at 0 -7.62) (size 1.7 1.7) (drill 1) (layers *.Cu *.Mask)
      (net 4 /MISO))
    (pad 8 thru_hole oval (at -2.54 -7.62) (size 1.7 1.7) (drill 1) (layers *.Cu *.Mask))
    (pad 9 thru_hole oval (at 0 -10.16) (size 1.7 1.7) (drill 1) (layers *.Cu *.Mask)
      (net 5 /SCLK))
    (pad 10 thru_hole oval (at -2.54 -10.16) (size 1.7 1.7) (drill 1) (layers *.Cu *.Mask)
      (net 6 /SEL))
    (pad 11 thru_hole oval (at 0 -12.7) (size 1.7 1.7) (drill 1) (layers *.Cu *.Mask)
      (net 1 GND))
    (pad 12 thru_hole oval (at -2.54 -12.7) (size 1.7 1.7) (drill 1) (layers *.Cu *.Mask))
    (model ${KISYS3DMOD}/Connector_PinSocket_2.54mm.3dshapes/PinSocket_2x06_P2.54mm_Vertical.wrl
      (at (xyz 0 0 0))
      (scale (xyz 1 1 1))
      (rotate (xyz 0 0 0))
    )
  )

  (module local:TDK-HHM1711D1 (layer F.Cu) (tedit 5F904371) (tstamp 5F8FE97E)
    (at 35.7528 32.0801 270)
    (path /5F97852B)
    (attr smd)
    (fp_text reference B1 (at 1.9559 -0.0612 180) (layer F.SilkS)
      (effects (font (size 0.8 0.8) (thickness 0.1)))
    )
    (fp_text value Balun_HHM1711D1 (at 6.2216 1.8064 90) (layer F.Fab)
      (effects (font (size 0.64 0.64) (thickness 0.015)))
    )
    (fp_line (start -0.68 -1.05) (end -0.68 1.05) (layer F.Fab) (width 0.127))
    (fp_line (start -0.68 1.05) (end 0.68 1.05) (layer F.Fab) (width 0.127))
    (fp_line (start 0.68 1.05) (end 0.68 -1.05) (layer F.Fab) (width 0.127))
    (fp_line (start 0.68 -1.05) (end -0.68 -1.05) (layer F.Fab) (width 0.127))
    (fp_line (start 0.68 -1.145) (end -0.68 -1.145) (layer F.SilkS) (width 0.127))
    (fp_line (start -0.68 1.145) (end 0.68 1.145) (layer F.SilkS) (width 0.127))
    (fp_circle (center -1.524 -1.0541) (end -1.424 -1.0541) (layer F.Fab) (width 0.2))
    (fp_circle (center -1.524 -1.0541) (end -1.424 -1.0541) (layer F.SilkS) (width 0.2))
    (fp_line (start -1.55 -1.075) (end -1.55 1.075) (layer F.CrtYd) (width 0.05))
    (fp_line (start -1.55 1.075) (end -0.93 1.075) (layer F.CrtYd) (width 0.05))
    (fp_line (start -0.93 1.075) (end -0.93 1.3) (layer F.CrtYd) (width 0.05))
    (fp_line (start -0.93 1.3) (end 0.93 1.3) (layer F.CrtYd) (width 0.05))
    (fp_line (start 0.93 1.3) (end 0.93 1.075) (layer F.CrtYd) (width 0.05))
    (fp_line (start 0.93 1.075) (end 1.55 1.075) (layer F.CrtYd) (width 0.05))
    (fp_line (start 1.55 1.075) (end 1.55 -1.075) (layer F.CrtYd) (width 0.05))
    (fp_line (start 1.55 -1.075) (end 0.93 -1.075) (layer F.CrtYd) (width 0.05))
    (fp_line (start 0.93 -1.075) (end 0.93 -1.3) (layer F.CrtYd) (width 0.05))
    (fp_line (start 0.93 -1.3) (end -0.93 -1.3) (layer F.CrtYd) (width 0.05))
    (fp_line (start -0.93 -1.3) (end -0.93 -1.075) (layer F.CrtYd) (width 0.05))
    (fp_line (start -0.93 -1.075) (end -1.55 -1.075) (layer F.CrtYd) (width 0.05))
    (pad 2 smd rect (at -0.8 0 270) (size 1 0.35) (layers F.Cu F.Paste F.Mask)
      (net 10 GNDA))
    (pad 1 smd rect (at -0.8 -0.65 270) (size 1 0.35) (layers F.Cu F.Paste F.Mask)
      (net 13 /ANT24''))
    (pad 3 smd rect (at -0.8 0.65 270) (size 1 0.35) (layers F.Cu F.Paste F.Mask)
      (net 14 /RFN24'))
    (pad 4 smd rect (at 0.8 0.65 270) (size 1 0.35) (layers F.Cu F.Paste F.Mask)
      (net 15 /RFP24'))
    (pad 5 smd rect (at 0.8 0 270) (size 1 0.35) (layers F.Cu F.Paste F.Mask)
      (net 10 GNDA))
    (pad 6 smd rect (at 0.8 -0.65 270) (size 1 0.35) (layers F.Cu F.Paste F.Mask)
      (clearance 0.1) (zone_connect 2))
    (model ${KISYS3DMOD}/Package_SON.3dshapes/WSON-6_1.5x1.5mm_P0.5mm.wrl
      (at (xyz 0 0 0))
      (scale (xyz 1 1 1))
      (rotate (xyz 0 0 0))
    )
  )

  (module Capacitor_SMD:C_0402_1005Metric (layer F.Cu) (tedit 5F68FEEE) (tstamp 5F9034FB)
    (at 31.9125 32.5628 180)
    (descr "Capacitor SMD 0402 (1005 Metric), square (rectangular) end terminal, IPC_7351 nominal, (Body size source: IPC-SM-782 page 76, https://www.pcb-3d.com/wordpress/wp-content/uploads/ipc-sm-782a_amendment_1_and_2.pdf), generated with kicad-footprint-generator")
    (tags capacitor)
    (path /5F882EF1)
    (attr smd)
    (fp_text reference C1 (at 0.099 -1.143) (layer F.SilkS)
      (effects (font (size 1 1) (thickness 0.14)))
    )
    (fp_text value "1.8 pF" (at 0.226 0.762) (layer F.Fab) hide
      (effects (font (size 0.5 0.5) (thickness 0.08)))
    )
    (fp_line (start 0.91 0.46) (end -0.91 0.46) (layer F.CrtYd) (width 0.05))
    (fp_line (start 0.91 -0.46) (end 0.91 0.46) (layer F.CrtYd) (width 0.05))
    (fp_line (start -0.91 -0.46) (end 0.91 -0.46) (layer F.CrtYd) (width 0.05))
    (fp_line (start -0.91 0.46) (end -0.91 -0.46) (layer F.CrtYd) (width 0.05))
    (fp_line (start -0.107836 0.36) (end 0.107836 0.36) (layer F.SilkS) (width 0.12))
    (fp_line (start -0.107836 -0.36) (end 0.107836 -0.36) (layer F.SilkS) (width 0.12))
    (fp_line (start 0.5 0.25) (end -0.5 0.25) (layer F.Fab) (width 0.1))
    (fp_line (start 0.5 -0.25) (end 0.5 0.25) (layer F.Fab) (width 0.1))
    (fp_line (start -0.5 -0.25) (end 0.5 -0.25) (layer F.Fab) (width 0.1))
    (fp_line (start -0.5 0.25) (end -0.5 -0.25) (layer F.Fab) (width 0.1))
    (fp_text user %R (at 0 0) (layer F.Fab)
      (effects (font (size 0.25 0.25) (thickness 0.04)))
    )
    (pad 1 smd roundrect (at -0.48 0 180) (size 0.56 0.62) (layers F.Cu F.Paste F.Mask) (roundrect_rratio 0.25)
      (net 15 /RFP24'))
    (pad 2 smd roundrect (at 0.48 0 180) (size 0.56 0.62) (layers F.Cu F.Paste F.Mask) (roundrect_rratio 0.25)
      (net 19 /RFP24))
    (model ${KISYS3DMOD}/Capacitor_SMD.3dshapes/C_0402_1005Metric.wrl
      (at (xyz 0 0 0))
      (scale (xyz 1 1 1))
      (rotate (xyz 0 0 0))
    )
  )

  (module Capacitor_SMD:C_0402_1005Metric (layer F.Cu) (tedit 5F68FEEE) (tstamp 5F8FE9B1)
    (at 31.9125 31.5595 180)
    (descr "Capacitor SMD 0402 (1005 Metric), square (rectangular) end terminal, IPC_7351 nominal, (Body size source: IPC-SM-782 page 76, https://www.pcb-3d.com/wordpress/wp-content/uploads/ipc-sm-782a_amendment_1_and_2.pdf), generated with kicad-footprint-generator")
    (tags capacitor)
    (path /5F90CD14)
    (attr smd)
    (fp_text reference C2 (at 0.0355 0.8763 180) (layer F.SilkS)
      (effects (font (size 0.8 0.8) (thickness 0.1)))
    )
    (fp_text value "1.8 pF" (at -0.282 -0.762) (layer F.Fab) hide
      (effects (font (size 0.5 0.5) (thickness 0.08)))
    )
    (fp_line (start -0.5 0.25) (end -0.5 -0.25) (layer F.Fab) (width 0.1))
    (fp_line (start -0.5 -0.25) (end 0.5 -0.25) (layer F.Fab) (width 0.1))
    (fp_line (start 0.5 -0.25) (end 0.5 0.25) (layer F.Fab) (width 0.1))
    (fp_line (start 0.5 0.25) (end -0.5 0.25) (layer F.Fab) (width 0.1))
    (fp_line (start -0.107836 -0.36) (end 0.107836 -0.36) (layer F.SilkS) (width 0.12))
    (fp_line (start -0.107836 0.36) (end 0.107836 0.36) (layer F.SilkS) (width 0.12))
    (fp_line (start -0.91 0.46) (end -0.91 -0.46) (layer F.CrtYd) (width 0.05))
    (fp_line (start -0.91 -0.46) (end 0.91 -0.46) (layer F.CrtYd) (width 0.05))
    (fp_line (start 0.91 -0.46) (end 0.91 0.46) (layer F.CrtYd) (width 0.05))
    (fp_line (start 0.91 0.46) (end -0.91 0.46) (layer F.CrtYd) (width 0.05))
    (fp_text user %R (at 0 0) (layer F.Fab)
      (effects (font (size 0.25 0.25) (thickness 0.04)))
    )
    (pad 2 smd roundrect (at 0.48 0 180) (size 0.56 0.62) (layers F.Cu F.Paste F.Mask) (roundrect_rratio 0.25)
      (net 20 /RFN24))
    (pad 1 smd roundrect (at -0.48 0 180) (size 0.56 0.62) (layers F.Cu F.Paste F.Mask) (roundrect_rratio 0.25)
      (net 14 /RFN24'))
    (model ${KISYS3DMOD}/Capacitor_SMD.3dshapes/C_0402_1005Metric.wrl
      (at (xyz 0 0 0))
      (scale (xyz 1 1 1))
      (rotate (xyz 0 0 0))
    )
  )

  (module Capacitor_SMD:C_0603_1608Metric (layer F.Cu) (tedit 5F68FEEE) (tstamp 5F8FE9C2)
    (at 38.1 32.8171 90)
    (descr "Capacitor SMD 0603 (1608 Metric), square (rectangular) end terminal, IPC_7351 nominal, (Body size source: IPC-SM-782 page 76, https://www.pcb-3d.com/wordpress/wp-content/uploads/ipc-sm-782a_amendment_1_and_2.pdf), generated with kicad-footprint-generator")
    (tags capacitor)
    (path /5F91DBFD)
    (attr smd)
    (fp_text reference C3 (at -0.0251 1.4986 90) (layer F.SilkS)
      (effects (font (size 1 1) (thickness 0.15)))
    )
    (fp_text value "0.8 pF" (at -3.3398 -0.4064) (layer F.Fab)
      (effects (font (size 0.5 0.5) (thickness 0.08)))
    )
    (fp_line (start -0.8 0.4) (end -0.8 -0.4) (layer F.Fab) (width 0.1))
    (fp_line (start -0.8 -0.4) (end 0.8 -0.4) (layer F.Fab) (width 0.1))
    (fp_line (start 0.8 -0.4) (end 0.8 0.4) (layer F.Fab) (width 0.1))
    (fp_line (start 0.8 0.4) (end -0.8 0.4) (layer F.Fab) (width 0.1))
    (fp_line (start -0.14058 -0.51) (end 0.14058 -0.51) (layer F.SilkS) (width 0.12))
    (fp_line (start -0.14058 0.51) (end 0.14058 0.51) (layer F.SilkS) (width 0.12))
    (fp_line (start -1.48 0.73) (end -1.48 -0.73) (layer F.CrtYd) (width 0.05))
    (fp_line (start -1.48 -0.73) (end 1.48 -0.73) (layer F.CrtYd) (width 0.05))
    (fp_line (start 1.48 -0.73) (end 1.48 0.73) (layer F.CrtYd) (width 0.05))
    (fp_line (start 1.48 0.73) (end -1.48 0.73) (layer F.CrtYd) (width 0.05))
    (fp_text user %R (at 0 0 90) (layer F.Fab)
      (effects (font (size 0.4 0.4) (thickness 0.06)))
    )
    (pad 2 smd roundrect (at 0.775 0 90) (size 0.9 0.95) (layers F.Cu F.Paste F.Mask) (roundrect_rratio 0.25)
      (net 13 /ANT24''))
    (pad 1 smd roundrect (at -0.775 0 90) (size 0.9 0.95) (layers F.Cu F.Paste F.Mask) (roundrect_rratio 0.25)
      (net 21 /ANT24'))
    (model ${KISYS3DMOD}/Capacitor_SMD.3dshapes/C_0603_1608Metric.wrl
      (at (xyz 0 0 0))
      (scale (xyz 1 1 1))
      (rotate (xyz 0 0 0))
    )
  )

  (module Capacitor_SMD:C_0603_1608Metric (layer F.Cu) (tedit 5F68FEEE) (tstamp 5F8FE9D3)
    (at 35.6232 35.306 180)
    (descr "Capacitor SMD 0603 (1608 Metric), square (rectangular) end terminal, IPC_7351 nominal, (Body size source: IPC-SM-782 page 76, https://www.pcb-3d.com/wordpress/wp-content/uploads/ipc-sm-782a_amendment_1_and_2.pdf), generated with kicad-footprint-generator")
    (tags capacitor)
    (path /5F91F9EC)
    (attr smd)
    (fp_text reference C4 (at 2.0825 -0.2921 90) (layer F.SilkS)
      (effects (font (size 1 1) (thickness 0.15)))
    )
    (fp_text value "1.2 pF" (at 3.289 0 270) (layer F.Fab)
      (effects (font (size 0.5 0.5) (thickness 0.08)))
    )
    (fp_line (start 1.48 0.73) (end -1.48 0.73) (layer F.CrtYd) (width 0.05))
    (fp_line (start 1.48 -0.73) (end 1.48 0.73) (layer F.CrtYd) (width 0.05))
    (fp_line (start -1.48 -0.73) (end 1.48 -0.73) (layer F.CrtYd) (width 0.05))
    (fp_line (start -1.48 0.73) (end -1.48 -0.73) (layer F.CrtYd) (width 0.05))
    (fp_line (start -0.14058 0.51) (end 0.14058 0.51) (layer F.SilkS) (width 0.12))
    (fp_line (start -0.14058 -0.51) (end 0.14058 -0.51) (layer F.SilkS) (width 0.12))
    (fp_line (start 0.8 0.4) (end -0.8 0.4) (layer F.Fab) (width 0.1))
    (fp_line (start 0.8 -0.4) (end 0.8 0.4) (layer F.Fab) (width 0.1))
    (fp_line (start -0.8 -0.4) (end 0.8 -0.4) (layer F.Fab) (width 0.1))
    (fp_line (start -0.8 0.4) (end -0.8 -0.4) (layer F.Fab) (width 0.1))
    (fp_text user %R (at 0 0) (layer F.Fab)
      (effects (font (size 0.4 0.4) (thickness 0.06)))
    )
    (pad 1 smd roundrect (at -0.775 0 180) (size 0.9 0.95) (layers F.Cu F.Paste F.Mask) (roundrect_rratio 0.25)
      (net 21 /ANT24'))
    (pad 2 smd roundrect (at 0.775 0 180) (size 0.9 0.95) (layers F.Cu F.Paste F.Mask) (roundrect_rratio 0.25)
      (net 10 GNDA))
    (model ${KISYS3DMOD}/Capacitor_SMD.3dshapes/C_0603_1608Metric.wrl
      (at (xyz 0 0 0))
      (scale (xyz 1 1 1))
      (rotate (xyz 0 0 0))
    )
  )

  (module Capacitor_SMD:C_0603_1608Metric (layer F.Cu) (tedit 5F68FEEE) (tstamp 5F8FE9E4)
    (at 36.3982 41.4912 270)
    (descr "Capacitor SMD 0603 (1608 Metric), square (rectangular) end terminal, IPC_7351 nominal, (Body size source: IPC-SM-782 page 76, https://www.pcb-3d.com/wordpress/wp-content/uploads/ipc-sm-782a_amendment_1_and_2.pdf), generated with kicad-footprint-generator")
    (tags capacitor)
    (path /5F921542)
    (attr smd)
    (fp_text reference C5 (at 2.286 0 180) (layer F.SilkS)
      (effects (font (size 1 1) (thickness 0.15)))
    )
    (fp_text value "1.2 pF" (at 0 1.27 90) (layer F.Fab)
      (effects (font (size 0.5 0.5) (thickness 0.08)))
    )
    (fp_line (start -0.8 0.4) (end -0.8 -0.4) (layer F.Fab) (width 0.1))
    (fp_line (start -0.8 -0.4) (end 0.8 -0.4) (layer F.Fab) (width 0.1))
    (fp_line (start 0.8 -0.4) (end 0.8 0.4) (layer F.Fab) (width 0.1))
    (fp_line (start 0.8 0.4) (end -0.8 0.4) (layer F.Fab) (width 0.1))
    (fp_line (start -0.14058 -0.51) (end 0.14058 -0.51) (layer F.SilkS) (width 0.12))
    (fp_line (start -0.14058 0.51) (end 0.14058 0.51) (layer F.SilkS) (width 0.12))
    (fp_line (start -1.48 0.73) (end -1.48 -0.73) (layer F.CrtYd) (width 0.05))
    (fp_line (start -1.48 -0.73) (end 1.48 -0.73) (layer F.CrtYd) (width 0.05))
    (fp_line (start 1.48 -0.73) (end 1.48 0.73) (layer F.CrtYd) (width 0.05))
    (fp_line (start 1.48 0.73) (end -1.48 0.73) (layer F.CrtYd) (width 0.05))
    (fp_text user %R (at 0 0 90) (layer F.Fab)
      (effects (font (size 0.4 0.4) (thickness 0.06)))
    )
    (pad 2 smd roundrect (at 0.775 0 270) (size 0.9 0.95) (layers F.Cu F.Paste F.Mask) (roundrect_rratio 0.25)
      (net 10 GNDA))
    (pad 1 smd roundrect (at -0.775 0 270) (size 0.9 0.95) (layers F.Cu F.Paste F.Mask) (roundrect_rratio 0.25)
      (net 22 /ANT24))
    (model ${KISYS3DMOD}/Capacitor_SMD.3dshapes/C_0603_1608Metric.wrl
      (at (xyz 0 0 0))
      (scale (xyz 1 1 1))
      (rotate (xyz 0 0 0))
    )
  )

  (module Capacitor_SMD:C_0402_1005Metric (layer F.Cu) (tedit 5F68FEEE) (tstamp 5F8FE9F5)
    (at 27.4066 36.5226 90)
    (descr "Capacitor SMD 0402 (1005 Metric), square (rectangular) end terminal, IPC_7351 nominal, (Body size source: IPC-SM-782 page 76, https://www.pcb-3d.com/wordpress/wp-content/uploads/ipc-sm-782a_amendment_1_and_2.pdf), generated with kicad-footprint-generator")
    (tags capacitor)
    (path /5F9F7CDA)
    (attr smd)
    (fp_text reference C6 (at 0.0736 -1.1176 270) (layer F.SilkS)
      (effects (font (size 1 1) (thickness 0.15)))
    )
    (fp_text value "100 nF" (at 1.242 0.0508 180) (layer F.Fab)
      (effects (font (size 0.5 0.5) (thickness 0.08)))
    )
    (fp_line (start 0.91 0.46) (end -0.91 0.46) (layer F.CrtYd) (width 0.05))
    (fp_line (start 0.91 -0.46) (end 0.91 0.46) (layer F.CrtYd) (width 0.05))
    (fp_line (start -0.91 -0.46) (end 0.91 -0.46) (layer F.CrtYd) (width 0.05))
    (fp_line (start -0.91 0.46) (end -0.91 -0.46) (layer F.CrtYd) (width 0.05))
    (fp_line (start -0.107836 0.36) (end 0.107836 0.36) (layer F.SilkS) (width 0.12))
    (fp_line (start -0.107836 -0.36) (end 0.107836 -0.36) (layer F.SilkS) (width 0.12))
    (fp_line (start 0.5 0.25) (end -0.5 0.25) (layer F.Fab) (width 0.1))
    (fp_line (start 0.5 -0.25) (end 0.5 0.25) (layer F.Fab) (width 0.1))
    (fp_line (start -0.5 -0.25) (end 0.5 -0.25) (layer F.Fab) (width 0.1))
    (fp_line (start -0.5 0.25) (end -0.5 -0.25) (layer F.Fab) (width 0.1))
    (fp_text user %R (at 0 0 90) (layer F.Fab)
      (effects (font (size 0.25 0.25) (thickness 0.04)))
    )
    (pad 1 smd roundrect (at -0.48 0 90) (size 0.56 0.62) (layers F.Cu F.Paste F.Mask) (roundrect_rratio 0.25)
      (net 1 GND))
    (pad 2 smd roundrect (at 0.48 0 90) (size 0.56 0.62) (layers F.Cu F.Paste F.Mask) (roundrect_rratio 0.25)
      (net 2 VDD))
    (model ${KISYS3DMOD}/Capacitor_SMD.3dshapes/C_0402_1005Metric.wrl
      (at (xyz 0 0 0))
      (scale (xyz 1 1 1))
      (rotate (xyz 0 0 0))
    )
  )

  (module Capacitor_SMD:C_0402_1005Metric (layer F.Cu) (tedit 5F68FEEE) (tstamp 5F8FEA06)
    (at 27.6225 25.047 270)
    (descr "Capacitor SMD 0402 (1005 Metric), square (rectangular) end terminal, IPC_7351 nominal, (Body size source: IPC-SM-782 page 76, https://www.pcb-3d.com/wordpress/wp-content/uploads/ipc-sm-782a_amendment_1_and_2.pdf), generated with kicad-footprint-generator")
    (tags capacitor)
    (path /5FAD448E)
    (attr smd)
    (fp_text reference C7 (at -0.028 1.016 90) (layer F.SilkS)
      (effects (font (size 1 1) (thickness 0.15)))
    )
    (fp_text value "100 nF" (at -0.1804 -0.4953 270) (layer F.Fab)
      (effects (font (size 0.5 0.5) (thickness 0.08)))
    )
    (fp_line (start -0.5 0.25) (end -0.5 -0.25) (layer F.Fab) (width 0.1))
    (fp_line (start -0.5 -0.25) (end 0.5 -0.25) (layer F.Fab) (width 0.1))
    (fp_line (start 0.5 -0.25) (end 0.5 0.25) (layer F.Fab) (width 0.1))
    (fp_line (start 0.5 0.25) (end -0.5 0.25) (layer F.Fab) (width 0.1))
    (fp_line (start -0.107836 -0.36) (end 0.107836 -0.36) (layer F.SilkS) (width 0.12))
    (fp_line (start -0.107836 0.36) (end 0.107836 0.36) (layer F.SilkS) (width 0.12))
    (fp_line (start -0.91 0.46) (end -0.91 -0.46) (layer F.CrtYd) (width 0.05))
    (fp_line (start -0.91 -0.46) (end 0.91 -0.46) (layer F.CrtYd) (width 0.05))
    (fp_line (start 0.91 -0.46) (end 0.91 0.46) (layer F.CrtYd) (width 0.05))
    (fp_line (start 0.91 0.46) (end -0.91 0.46) (layer F.CrtYd) (width 0.05))
    (fp_text user %R (at 0 0 90) (layer F.Fab)
      (effects (font (size 0.25 0.25) (thickness 0.04)))
    )
    (pad 2 smd roundrect (at 0.48 0 270) (size 0.56 0.62) (layers F.Cu F.Paste F.Mask) (roundrect_rratio 0.25)
      (net 2 VDD))
    (pad 1 smd roundrect (at -0.48 0 270) (size 0.56 0.62) (layers F.Cu F.Paste F.Mask) (roundrect_rratio 0.25)
      (net 1 GND))
    (model ${KISYS3DMOD}/Capacitor_SMD.3dshapes/C_0402_1005Metric.wrl
      (at (xyz 0 0 0))
      (scale (xyz 1 1 1))
      (rotate (xyz 0 0 0))
    )
  )

  (module Capacitor_SMD:C_0402_1005Metric (layer F.Cu) (tedit 5F68FEEE) (tstamp 5F8FEA17)
    (at 24.785 25.0418 270)
    (descr "Capacitor SMD 0402 (1005 Metric), square (rectangular) end terminal, IPC_7351 nominal, (Body size source: IPC-SM-782 page 76, https://www.pcb-3d.com/wordpress/wp-content/uploads/ipc-sm-782a_amendment_1_and_2.pdf), generated with kicad-footprint-generator")
    (tags capacitor)
    (path /5FAD6D13)
    (attr smd)
    (fp_text reference C8 (at -0.028 1.0795 270) (layer F.SilkS)
      (effects (font (size 1 1) (thickness 0.15)))
    )
    (fp_text value "100 nF" (at 0.0788 -0.8436 270) (layer F.Fab)
      (effects (font (size 0.5 0.5) (thickness 0.08)))
    )
    (fp_line (start 0.91 0.46) (end -0.91 0.46) (layer F.CrtYd) (width 0.05))
    (fp_line (start 0.91 -0.46) (end 0.91 0.46) (layer F.CrtYd) (width 0.05))
    (fp_line (start -0.91 -0.46) (end 0.91 -0.46) (layer F.CrtYd) (width 0.05))
    (fp_line (start -0.91 0.46) (end -0.91 -0.46) (layer F.CrtYd) (width 0.05))
    (fp_line (start -0.107836 0.36) (end 0.107836 0.36) (layer F.SilkS) (width 0.12))
    (fp_line (start -0.107836 -0.36) (end 0.107836 -0.36) (layer F.SilkS) (width 0.12))
    (fp_line (start 0.5 0.25) (end -0.5 0.25) (layer F.Fab) (width 0.1))
    (fp_line (start 0.5 -0.25) (end 0.5 0.25) (layer F.Fab) (width 0.1))
    (fp_line (start -0.5 -0.25) (end 0.5 -0.25) (layer F.Fab) (width 0.1))
    (fp_line (start -0.5 0.25) (end -0.5 -0.25) (layer F.Fab) (width 0.1))
    (fp_text user %R (at 0 0 90) (layer F.Fab)
      (effects (font (size 0.25 0.25) (thickness 0.04)))
    )
    (pad 1 smd roundrect (at -0.48 0 270) (size 0.56 0.62) (layers F.Cu F.Paste F.Mask) (roundrect_rratio 0.25)
      (net 1 GND))
    (pad 2 smd roundrect (at 0.48 0 270) (size 0.56 0.62) (layers F.Cu F.Paste F.Mask) (roundrect_rratio 0.25)
      (net 2 VDD))
    (model ${KISYS3DMOD}/Capacitor_SMD.3dshapes/C_0402_1005Metric.wrl
      (at (xyz 0 0 0))
      (scale (xyz 1 1 1))
      (rotate (xyz 0 0 0))
    )
  )

  (module Capacitor_SMD:C_0402_1005Metric (layer F.Cu) (tedit 5F68FEEE) (tstamp 5F8FEA28)
    (at 20.9322 29.73)
    (descr "Capacitor SMD 0402 (1005 Metric), square (rectangular) end terminal, IPC_7351 nominal, (Body size source: IPC-SM-782 page 76, https://www.pcb-3d.com/wordpress/wp-content/uploads/ipc-sm-782a_amendment_1_and_2.pdf), generated with kicad-footprint-generator")
    (tags capacitor)
    (path /5FAD9590)
    (attr smd)
    (fp_text reference C9 (at 0 -1.16) (layer F.SilkS)
      (effects (font (size 1 1) (thickness 0.15)))
    )
    (fp_text value "100 nF" (at 0 0.889) (layer F.Fab)
      (effects (font (size 0.5 0.5) (thickness 0.08)))
    )
    (fp_line (start -0.5 0.25) (end -0.5 -0.25) (layer F.Fab) (width 0.1))
    (fp_line (start -0.5 -0.25) (end 0.5 -0.25) (layer F.Fab) (width 0.1))
    (fp_line (start 0.5 -0.25) (end 0.5 0.25) (layer F.Fab) (width 0.1))
    (fp_line (start 0.5 0.25) (end -0.5 0.25) (layer F.Fab) (width 0.1))
    (fp_line (start -0.107836 -0.36) (end 0.107836 -0.36) (layer F.SilkS) (width 0.12))
    (fp_line (start -0.107836 0.36) (end 0.107836 0.36) (layer F.SilkS) (width 0.12))
    (fp_line (start -0.91 0.46) (end -0.91 -0.46) (layer F.CrtYd) (width 0.05))
    (fp_line (start -0.91 -0.46) (end 0.91 -0.46) (layer F.CrtYd) (width 0.05))
    (fp_line (start 0.91 -0.46) (end 0.91 0.46) (layer F.CrtYd) (width 0.05))
    (fp_line (start 0.91 0.46) (end -0.91 0.46) (layer F.CrtYd) (width 0.05))
    (fp_text user %R (at 0 0) (layer F.Fab)
      (effects (font (size 0.25 0.25) (thickness 0.04)))
    )
    (pad 2 smd roundrect (at 0.48 0) (size 0.56 0.62) (layers F.Cu F.Paste F.Mask) (roundrect_rratio 0.25)
      (net 2 VDD))
    (pad 1 smd roundrect (at -0.48 0) (size 0.56 0.62) (layers F.Cu F.Paste F.Mask) (roundrect_rratio 0.25)
      (net 1 GND))
    (model ${KISYS3DMOD}/Capacitor_SMD.3dshapes/C_0402_1005Metric.wrl
      (at (xyz 0 0 0))
      (scale (xyz 1 1 1))
      (rotate (xyz 0 0 0))
    )
  )

  (module Capacitor_SMD:C_0402_1005Metric (layer F.Cu) (tedit 5F68FEEE) (tstamp 5F903E61)
    (at 23.523 36.0146 90)
    (descr "Capacitor SMD 0402 (1005 Metric), square (rectangular) end terminal, IPC_7351 nominal, (Body size source: IPC-SM-782 page 76, https://www.pcb-3d.com/wordpress/wp-content/uploads/ipc-sm-782a_amendment_1_and_2.pdf), generated with kicad-footprint-generator")
    (tags capacitor)
    (path /5FADBD8D)
    (attr smd)
    (fp_text reference C10 (at -1.4377 0.099) (layer F.SilkS)
      (effects (font (size 0.8 0.8) (thickness 0.1)))
    )
    (fp_text value "100 nF" (at -2.568 -0.3836 180) (layer F.Fab)
      (effects (font (size 0.5 0.5) (thickness 0.08)))
    )
    (fp_line (start 0.91 0.46) (end -0.91 0.46) (layer F.CrtYd) (width 0.05))
    (fp_line (start 0.91 -0.46) (end 0.91 0.46) (layer F.CrtYd) (width 0.05))
    (fp_line (start -0.91 -0.46) (end 0.91 -0.46) (layer F.CrtYd) (width 0.05))
    (fp_line (start -0.91 0.46) (end -0.91 -0.46) (layer F.CrtYd) (width 0.05))
    (fp_line (start -0.107836 0.36) (end 0.107836 0.36) (layer F.SilkS) (width 0.12))
    (fp_line (start -0.107836 -0.36) (end 0.107836 -0.36) (layer F.SilkS) (width 0.12))
    (fp_line (start 0.5 0.25) (end -0.5 0.25) (layer F.Fab) (width 0.1))
    (fp_line (start 0.5 -0.25) (end 0.5 0.25) (layer F.Fab) (width 0.1))
    (fp_line (start -0.5 -0.25) (end 0.5 -0.25) (layer F.Fab) (width 0.1))
    (fp_line (start -0.5 0.25) (end -0.5 -0.25) (layer F.Fab) (width 0.1))
    (fp_text user %R (at 0 0 90) (layer F.Fab)
      (effects (font (size 0.25 0.25) (thickness 0.04)))
    )
    (pad 1 smd roundrect (at -0.48 0 90) (size 0.56 0.62) (layers F.Cu F.Paste F.Mask) (roundrect_rratio 0.25)
      (net 1 GND))
    (pad 2 smd roundrect (at 0.48 0 90) (size 0.56 0.62) (layers F.Cu F.Paste F.Mask) (roundrect_rratio 0.25)
      (net 2 VDD))
    (model ${KISYS3DMOD}/Capacitor_SMD.3dshapes/C_0402_1005Metric.wrl
      (at (xyz 0 0 0))
      (scale (xyz 1 1 1))
      (rotate (xyz 0 0 0))
    )
  )

  (module Capacitor_SMD:C_0603_1608Metric (layer F.Cu) (tedit 5F68FEEE) (tstamp 5F8FEA4A)
    (at 21.0058 34.684 90)
    (descr "Capacitor SMD 0603 (1608 Metric), square (rectangular) end terminal, IPC_7351 nominal, (Body size source: IPC-SM-782 page 76, https://www.pcb-3d.com/wordpress/wp-content/uploads/ipc-sm-782a_amendment_1_and_2.pdf), generated with kicad-footprint-generator")
    (tags capacitor)
    (path /5FA262F0)
    (attr smd)
    (fp_text reference C11 (at -2.019 0.1016 180) (layer F.SilkS)
      (effects (font (size 0.8 0.8) (thickness 0.1)))
    )
    (fp_text value "1 µF" (at -2.8318 -0.1016 180) (layer F.Fab)
      (effects (font (size 0.5 0.5) (thickness 0.08)))
    )
    (fp_line (start -0.8 0.4) (end -0.8 -0.4) (layer F.Fab) (width 0.1))
    (fp_line (start -0.8 -0.4) (end 0.8 -0.4) (layer F.Fab) (width 0.1))
    (fp_line (start 0.8 -0.4) (end 0.8 0.4) (layer F.Fab) (width 0.1))
    (fp_line (start 0.8 0.4) (end -0.8 0.4) (layer F.Fab) (width 0.1))
    (fp_line (start -0.14058 -0.51) (end 0.14058 -0.51) (layer F.SilkS) (width 0.12))
    (fp_line (start -0.14058 0.51) (end 0.14058 0.51) (layer F.SilkS) (width 0.12))
